pa:[[-40,0,0,0.1962,0.9245],[-40,80,0,0.2028,0.2464],[40,80,0,0.7936,0.2551],[40,0,0,0.7936,0.9157],[0,80,40,0.7936,0.2551],[0,0,40,0.7936,0.9157],[0,0,-40,0.1962,0.9245],[0,80,-40,0.2028,0.2464],[40,80,0,0.2028,0.2464],[-40,80,0,0.7936,0.2551],[-40,0,0,0.7936,0.9157],[40,0,0,0.1962,0.9245],[0,80,40,0.2028,0.2464],[0,80,-40,0.7936,0.2551],[0,0,-40,0.7936,0.9157],[0,0,40,0.1962,0.9245],[0,115,0,0.5058,0.0131],[0,115,0,0.5058,0.0131],[0,115,0,0.5058,0.0131],[0,115,0,0.5058,0.0131]],
meshes:[{fa:[[8,10,11],[10,8,9],[12,14,15],[14,12,13],[7,5,6],[5,7,4],[1,3,0],[3,1,2],[16,9,8],[17,2,1],[18,13,12],[19,4,7]],
diff:"objs/shrub/alphad.png",
norm:"objs/shrub/alphan.jpg",
spec:"objs/shrub/alphas.jpg"
}],
grid:5,
tr:{x:25.32750068095384,y:-81.93822246070252,z:-57.06524324660052},
scale:3.5831807999999996,
selAnim:0,
